46
24 35.000000 260.000000
11 26.000000 81.000000
39 80.000000 165.000000
40 265.000000 247.000000
35 255.000000 268.000000
14 302.000000 268.000000
17 199.000000 266.000000
42 232.000000 156.000000
43 227.000000 101.000000
44 227.000000 159.000000
45 264.000000 188.000000
46 230.000000 247.000000
47 230.000000 188.000000
48 234.000000 243.000000
49 261.000000 243.000000
50 260.000000 191.000000
51 233.000000 191.000000
52 264.000000 159.000000
54 267.000000 163.000000
55 282.000000 211.000000
56 286.000000 180.000000
57 291.000000 157.000000
58 291.000000 186.000000
59 292.000000 244.000000
60 246.000000 288.000000
61 400.000000 300.000000
62 412.000000 319.000000
63 195.000000 267.000000
15 309.026245 287.890015
2 295.000000 292.000000
64 289.000000 101.000000
66 383.000000 67.000000
67 367.000000 82.000000
32 368.000000 257.000000
31 385.000000 272.000000
68 192.000000 74.000000
69 197.000000 82.000000
13 384.000000 392.000000
23 360.978699 328.020386
22 370.000000 417.000000
21 306.000000 302.000000
20 304.000000 329.000000
19 311.000000 362.000000
71 323.000000 186.000000
72 324.000000 242.000000
73 263.000000 101.000000
