73
1 127.000000 280.000000
2 358.000000 423.000000
3 247.000000 306.000000
4 185.000000 333.000000
5 261.928345 233.894287
6 228.500000 234.000000
7 325.812714 232.719757
8 221.052612 280.881195
9 313.185333 279.474823
10 282.893768 278.836487
11 25.000000 177.000000
12 346.000000 331.000000
13 453.000000 294.000000
14 351.000000 382.000000
15 363.000000 375.000000
16 354.000000 332.000000
17 201.000000 214.000000
18 285.000000 264.000000
19 402.000000 445.000000
20 380.000000 432.000000
21 368.826630 406.454346
22 461.000000 355.000000
23 408.000000 291.000000
24 38.000000 280.000000
25 342.000000 315.000000
26 305.000000 306.000000
27 216.000000 308.000000
28 223.295013 264.546631
29 255.373993 264.654572
30 318.256165 261.628693
31 393.000000 214.000000
32 373.000000 217.000000
33 274.000000 306.000000
34 292.833252 233.668701
35 294.000000 387.000000
36 170.404236 321.782837
37 416.000000 223.000000
38 253.000000 281.000000
39 76.000000 198.000000
40 263.000000 211.000000
41 169.000000 84.000000
42 209.114334 161.928680
43 194.798599 135.652679
44 208.884003 164.893646
45 246.456909 177.130005
46 229.631897 212.799194
47 214.377594 178.642334
48 230.601501 209.798523
49 258.000000 208.000000
50 245.000000 180.000000
51 219.427612 180.799530
52 239.000000 164.000000
53 229.793518 448.538849
54 244.000000 165.000000
55 270.000000 191.000000
56 269.000000 173.000000
57 266.000000 163.000000
58 273.000000 178.000000
59 291.000000 209.000000
60 297.814972 426.440613
61 390.000000 136.000000
62 403.000000 125.000000
63 195.000000 211.000000
64 251.000000 137.000000
65 307.618378 79.466927
66 319.000000 111.000000
67 309.776093 127.469681
68 157.000000 116.000000
69 168.000000 130.000000
70 52.000000 282.000000
71 304.000000 177.000000
72 324.000000 209.000000
73 226.000000 137.000000
