46
24 36.000000 267.000000
11 26.000000 93.000000
39 79.000000 168.000000
40 266.000000 240.000000
35 259.000000 294.000000
14 307.000000 292.000000
17 202.000000 258.000000
42 227.000000 152.000000
43 220.000000 99.000000
44 224.000000 154.000000
45 261.000000 182.000000
46 231.000000 241.000000
47 227.000000 183.000000
48 235.000000 237.000000
49 261.000000 237.000000
50 258.000000 185.000000
51 231.000000 186.000000
52 259.000000 154.000000
54 262.000000 157.000000
55 280.000000 206.000000
56 284.000000 175.000000
57 286.000000 153.000000
58 287.000000 182.000000
59 292.000000 238.000000
60 252.000000 318.000000
61 404.000000 273.000000
62 418.000000 287.000000
63 197.000000 257.000000
15 316.000000 309.000000
2 301.000000 320.000000
64 281.000000 100.000000
66 370.000000 65.000000
67 355.000000 81.000000
32 370.000000 249.000000
31 388.000000 263.000000
68 183.000000 71.000000
69 190.000000 80.000000
13 399.000000 389.000000
23 373.000000 332.000000
22 387.000000 421.000000
21 313.000000 326.000000
20 314.000000 355.000000
19 324.000000 386.000000
71 320.000000 181.000000
72 326.000000 237.000000
73 255.000000 99.000000
