38
1 138.000000 268.000000
2 473.000000 395.000000
3 278.000000 301.000000
4 219.000000 336.000000
5 260.000000 208.000000
6 225.000000 208.000000
7 323.000000 206.000000
8 236.000000 265.000000
9 335.000000 262.000000
10 301.000000 262.000000
11 35.000000 320.000000
12 403.000000 321.000000
13 424.000000 99.000000
14 443.000000 372.000000
15 438.000000 331.000000
16 413.000000 322.000000
17 188.000000 182.000000
18 296.000000 244.000000
19 499.000000 296.000000
20 485.000000 344.000000
21 461.000000 346.000000
22 460.000000 111.000000
23 410.000000 174.000000
24 41.000000 261.000000
25 392.000000 315.000000
26 342.000000 299.000000
27 243.000000 303.000000
28 232.000000 246.000000
29 266.000000 245.000000
30 330.000000 243.000000
31 373.000000 171.000000
32 362.000000 190.000000
33 307.000000 300.000000
34 289.000000 207.000000
35 377.000000 378.000000
36 196.000000 324.000000
37 381.000000 130.000000
38 270.000000 264.000000
