46
24 36.000000 273.000000
11 25.000000 108.000000
39 77.283249 172.502121
40 266.000000 233.000000
35 266.000000 319.000000
14 314.000000 318.000000
17 202.000000 250.000000
42 221.107635 149.785278
43 213.000000 102.000000
44 219.000000 152.000000
45 257.725616 176.681137
46 231.066330 232.739975
47 224.000000 178.000000
48 234.000000 230.000000
49 260.000000 231.000000
50 255.000000 181.000000
51 227.000000 182.000000
52 254.000000 152.000000
54 257.000000 156.000000
55 278.538116 200.642624
56 281.355438 168.628616
57 281.000000 151.000000
58 284.000000 177.000000
59 293.000000 232.000000
60 259.000000 346.000000
61 406.924164 241.787537
62 422.000000 250.000000
63 196.871704 245.683975
15 325.000000 329.000000
2 312.000000 349.000000
64 273.000000 102.000000
66 355.000000 68.000000
67 342.000000 87.000000
32 372.000000 244.000000
31 392.000000 253.000000
68 176.000000 74.000000
69 183.000000 86.000000
13 415.000000 377.000000
23 381.817230 329.178009
22 406.000000 420.000000
21 323.000000 349.000000
20 325.000000 378.000000
19 339.000000 410.000000
71 318.000000 177.000000
72 326.000000 231.000000
73 247.000000 102.000000
