38
1 134.000000 283.000000
2 425.000000 446.000000
3 266.000000 320.000000
4 205.000000 355.000000
5 263.000000 223.000000
6 228.000000 222.000000
7 326.000000 222.000000
8 231.000000 283.000000
9 327.000000 281.000000
10 294.000000 280.000000
11 31.000000 267.000000
12 380.000000 348.000000
13 451.000000 177.000000
14 405.000000 407.000000
15 410.000000 379.000000
16 389.000000 348.000000
17 194.000000 194.000000
18 292.000000 261.000000
19 469.000000 401.000000
20 447.000000 422.000000
21 425.000000 406.000000
22 480.000000 219.000000
23 418.000000 232.000000
24 41.000000 281.000000
25 372.000000 334.000000
26 328.000000 318.000000
27 232.000000 322.000000
28 228.000000 263.000000
29 263.000000 263.000000
30 327.000000 260.000000
31 383.000000 186.000000
32 368.000000 202.000000
33 294.000000 319.000000
34 291.000000 221.000000
35 343.000000 412.000000
36 180.000000 343.000000
37 401.000000 162.000000
38 265.000000 282.000000
