73
24 38.000000 278.000000
11 24.000000 129.000000
39 76.285942 179.642990
12 328.000000 307.000000
40 265.000000 227.000000
35 274.000000 345.000000
14 326.000000 342.000000
1 125.795792 275.748871
41 187.047272 26.917622
17 202.195297 236.597595
42 217.137390 150.779160
43 206.000000 109.000000
44 214.000000 152.000000
45 253.780334 175.174774
46 232.000000 227.000000
47 221.000000 176.000000
48 235.000000 224.000000
49 260.000000 223.000000
50 250.000000 179.000000
51 225.000000 179.000000
52 249.000000 154.000000
38 244.309021 273.443176
8 215.000000 273.000000
27 207.000000 288.000000
28 219.377289 265.718658
29 250.000000 264.000000
5 261.000000 248.000000
6 226.000000 247.000000
53 204.000000 391.000000
54 253.000000 156.000000
55 276.000000 195.000000
56 276.063934 168.892395
57 276.454132 151.717590
58 280.000000 175.000000
59 293.000000 224.000000
9 304.000000 271.000000
10 274.000000 272.000000
33 264.000000 287.000000
34 289.000000 246.000000
7 322.000000 245.000000
30 310.000000 264.000000
60 270.000000 377.000000
61 406.000000 204.000000
62 420.000000 207.000000
63 197.000000 234.000000
4 175.000000 305.000000
15 335.000000 349.000000
3 237.000000 288.000000
2 325.000000 378.000000
64 264.000000 110.000000
26 292.000000 287.000000
25 326.000000 291.000000
16 337.000000 307.000000
65 337.000000 34.000000
66 340.753296 76.552612
67 326.000000 93.000000
32 373.000000 236.000000
31 393.000000 241.000000
37 412.000000 273.000000
68 170.000000 83.000000
69 177.000000 96.000000
70 50.000000 278.000000
36 160.344391 296.836334
13 431.000000 359.000000
23 393.000000 321.000000
22 425.000000 410.000000
21 336.113800 372.721436
20 339.879395 402.327271
19 357.000000 429.000000
71 312.000000 175.000000
72 325.175110 223.682693
73 238.000000 109.000000
18 278.251312 263.730652
