38
1 132.000000 286.000000
2 409.000000 449.000000
3 262.000000 323.000000
4 201.000000 355.000000
5 261.000000 226.000000
6 228.000000 227.000000
7 325.000000 225.000000
8 229.000000 286.000000
9 324.048248 284.260132
10 291.000000 285.000000
11 29.000000 250.000000
12 373.000000 350.000000
13 454.000000 205.000000
14 392.000000 408.000000
15 399.000000 384.000000
16 381.000000 350.000000
17 197.000000 200.000000
18 291.000000 264.000000
19 454.000000 422.000000
20 433.000000 434.000000
21 413.000000 414.000000
22 481.000000 255.000000
23 418.000000 246.000000
24 41.000000 284.000000
25 366.000000 334.000000
26 323.000000 320.000000
27 229.000000 323.000000
28 228.000000 267.000000
29 262.000000 266.000000
30 325.000000 264.000000
31 387.000000 193.000000
32 369.000000 206.000000
33 290.000000 321.000000
34 292.000000 227.000000
35 333.000000 414.000000
36 179.000000 342.000000
37 406.000000 176.000000
38 262.000000 285.000000
