38
1 130.000000 280.000000
2 382.000000 437.000000
3 253.000000 312.000000
4 192.000000 343.000000
5 262.000000 226.000000
6 229.000000 227.000000
7 325.000000 224.000000
8 226.000000 280.000000
9 318.000000 278.000000
10 286.000000 278.000000
11 27.000000 207.000000
12 361.000000 341.000000
13 457.000000 246.000000
14 372.000000 395.000000
15 380.000000 380.000000
16 367.000000 341.000000
17 198.000000 201.000000
18 288.000000 261.000000
19 428.000000 437.000000
20 406.000000 437.000000
21 390.000000 409.000000
22 475.000000 298.000000
23 415.000000 266.000000
24 40.000000 279.000000
25 354.000000 323.000000
26 314.000000 311.000000
27 222.000000 314.000000
28 225.500000 262.500000
29 259.000000 262.000000
30 321.000000 260.000000
31 390.000000 199.000000
32 371.000000 207.000000
33 282.000000 312.000000
34 292.000000 225.000000
35 315.000000 400.000000
36 177.000000 332.000000
37 413.000000 195.000000
38 257.000000 281.000000
